  5.0000E-02  1.0000E+00  6.8163E-02 -3.2585E-02  1.2727E-02 -2.6001E-02  4.4311E-03 -4.6290E-02
  1.0000E-01  1.0000E+00  1.7694E-01 -6.3623E-02  3.2945E-03 -3.1032E-02  1.1812E-02 -1.0551E-01
  1.5000E-01  1.0000E+00  2.7656E-01 -9.2224E-02 -4.1119E-03 -2.7235E-02  1.2520E-02 -1.0410E-01
  2.0000E-01  1.0000E+00  3.5160E-01 -1.1178E-01 -7.1127E-03 -2.0436E-02  1.0241E-02 -5.4367E-02
  2.5000E-01  1.0000E+00  3.9879E-01 -1.2018E-01 -7.0318E-03 -1.3765E-02  7.2490E-03  4.4052E-03
  3.0000E-01  1.0000E+00  4.1939E-01 -1.1837E-01 -5.5259E-03 -8.4821E-03  4.6137E-03  4.4890E-02
  3.5000E-01  1.0000E+00  4.1643E-01 -1.0878E-01 -3.7384E-03 -4.8149E-03  2.6790E-03  5.9688E-02
  4.0000E-01  1.0000E+00  3.9381E-01 -9.4250E-02 -2.2398E-03 -2.5175E-03  1.4245E-03  5.4757E-02
  4.5000E-01  1.0000E+00  3.5589E-01 -7.7401E-02 -1.1989E-03 -1.2063E-03  6.9148E-04  4.0359E-02
  5.0000E-01  1.0000E+00  3.0735E-01 -6.0334E-02 -5.7226E-04 -5.2462E-04  3.0385E-04  2.4976E-02
  5.5000E-01  1.0000E+00  2.5294E-01 -4.4548E-02 -2.4109E-04 -2.0403E-04  1.1916E-04  1.3116E-02
  6.0000E-01  1.0000E+00  1.9724E-01 -3.0980E-02 -8.7996E-05 -6.9423E-05  4.0830E-05  5.8010E-03
  6.5000E-01  1.0000E+00  1.4438E-01 -2.0081E-02 -2.7011E-05 -2.0022E-05  1.1845E-05  2.1125E-03
  7.0000E-01  1.0000E+00  9.7735E-02 -1.1928E-02 -6.6595E-06 -4.6663E-06  2.7745E-06  6.0758E-04
  7.5000E-01  1.0000E+00  5.9731E-02 -6.3127E-03 -1.2256E-06 -8.1511E-07  4.8677E-07  1.2866E-04
  8.0000E-01  1.0000E+00  3.1625E-02 -2.8368E-03 -1.4876E-07 -9.3259E-08  5.5906E-08  1.7762E-05
  8.5000E-01  1.0000E+00  1.3413E-02 -9.8772E-04 -9.3833E-09 -4.3945E-09  2.6277E-09  1.2958E-06
  9.0000E-01  1.0000E+00  3.8147E-03 -2.1667E-04  1.2590E-10  1.3523E-09 -8.5313E-10  7.9700E-08
  9.5000E-01  1.0000E+00  4.0928E-04 -1.6102E-05  6.1182E-10  1.5415E-09 -9.9265E-10  9.2770E-08
  5.0000E-02  2.0000E+00  8.9136E-02 -3.7962E-02  1.0026E-02 -2.6970E-02  4.3862E-03 -4.4762E-02
  1.0000E-01  2.0000E+00  1.9784E-01 -6.8315E-02  9.7147E-04 -2.9475E-02  1.0587E-02 -6.9688E-02
  1.5000E-01  2.0000E+00  2.8643E-01 -9.2721E-02 -4.6449E-03 -2.4088E-02  1.0983E-02 -4.4031E-02
  2.0000E-01  2.0000E+00  3.4601E-01 -1.0677E-01 -6.3364E-03 -1.7045E-02  8.8417E-03  2.1495E-03
  2.5000E-01  2.0000E+00  3.7712E-01 -1.1009E-01 -5.7564E-03 -1.0944E-02  6.1339E-03  3.9424E-02
  3.0000E-01  2.0000E+00  3.8332E-01 -1.0462E-01 -4.3119E-03 -6.4929E-03  3.7989E-03  5.6177E-02
  3.5000E-01  2.0000E+00  3.6902E-01 -9.3129E-02 -2.8271E-03 -3.5805E-03  2.1282E-03  5.4804E-02
  4.0000E-01  2.0000E+00  3.3891E-01 -7.8353E-02 -1.6572E-03 -1.8338E-03  1.0811E-03  4.3347E-02
  4.5000E-01  2.0000E+00  2.9768E-01 -6.2571E-02 -8.7338E-04 -8.6750E-04  4.9572E-04  2.9395E-02
  5.0000E-01  2.0000E+00  2.4989E-01 -4.7456E-02 -4.1235E-04 -3.7541E-04  2.0279E-04  1.7535E-02
  5.5000E-01  2.0000E+00  1.9982E-01 -3.4089E-02 -1.7261E-04 -1.4661E-04  7.2463E-05  9.3496E-03
  6.0000E-01  2.0000E+00  1.5124E-01 -2.3042E-02 -6.2960E-05 -5.0772E-05  2.1757E-05  4.5259E-03
  6.5000E-01  2.0000E+00  1.0727E-01 -1.4494E-02 -1.9512E-05 -1.5276E-05  5.0460E-06  2.0308E-03
  7.0000E-01  2.0000E+00  7.0185E-02 -8.3326E-03 -4.9548E-06 -3.9176E-06  6.7912E-07  8.6402E-04
  7.5000E-01  2.0000E+00  4.1297E-02 -4.2515E-03 -9.7471E-07 -8.5120E-07 -7.0356E-08  3.4992E-04
  8.0000E-01  2.0000E+00  2.0925E-02 -1.8307E-03 -1.3100E-07 -1.5945E-07 -7.1061E-08  1.2863E-04
  8.5000E-01  2.0000E+00  8.4098E-03 -6.0470E-04 -5.2810E-09 -2.4823E-08 -2.0444E-08  3.7905E-05
  9.0000E-01  2.0000E+00  2.2250E-03 -1.2355E-04  2.4542E-09 -1.7245E-09 -3.4979E-09  6.9542E-06
  9.5000E-01  2.0000E+00  2.1483E-04 -8.2665E-06  6.3018E-10  8.3611E-10 -1.3213E-09  4.4943E-07
  5.0000E-02  3.0000E+00  9.8144E-02 -4.0222E-02  8.9462E-03 -2.7177E-02  4.4121E-03 -3.9174E-02
  1.0000E-01  3.0000E+00  2.0574E-01 -6.9955E-02  2.2665E-04 -2.8541E-02  1.0184E-02 -5.0439E-02
  1.5000E-01  3.0000E+00  2.8886E-01 -9.2359E-02 -4.6767E-03 -2.2616E-02  1.0430E-02 -2.0223E-02
  2.0000E-01  3.0000E+00  3.4153E-01 -1.0405E-01 -5.9255E-03 -1.5610E-02  8.3089E-03  2.0211E-02
  2.5000E-01  3.0000E+00  3.6591E-01 -1.0535E-01 -5.2158E-03 -9.8203E-03  5.6998E-03  4.7804E-02
  3.0000E-01  3.0000E+00  3.6642E-01 -9.8570E-02 -3.8312E-03 -5.7296E-03  3.4855E-03  5.6462E-02
  3.5000E-01  3.0000E+00  3.4798E-01 -8.6527E-02 -2.4769E-03 -3.1172E-03  1.9245E-03  5.0768E-02
  4.0000E-01  3.0000E+00  3.1548E-01 -7.1862E-02 -1.4361E-03 -1.5794E-03  9.6165E-04  3.8356E-02
  4.5000E-01  3.0000E+00  2.7363E-01 -5.6684E-02 -7.4989E-04 -7.4077E-04  4.3256E-04  2.5360E-02
  5.0000E-01  3.0000E+00  2.2684E-01 -4.2474E-02 -3.5123E-04 -3.1852E-04  1.7291E-04  1.5003E-02
  5.5000E-01  3.0000E+00  1.7909E-01 -3.0141E-02 -1.4603E-04 -1.2391E-04  5.9933E-05  8.0779E-03
  6.0000E-01  3.0000E+00  1.3378E-01 -2.0121E-02 -5.2997E-05 -4.2926E-05  1.7156E-05  4.0268E-03
  6.5000E-01  3.0000E+00  9.3584E-02 -1.2491E-02 -1.6407E-05 -1.3031E-05  3.5803E-06  1.8924E-03
  7.0000E-01  3.0000E+00  6.0322E-02 -7.0788E-03 -4.2007E-06 -3.4355E-06  2.7061E-07  8.4685E-04
  7.5000E-01  3.0000E+00  3.4910E-02 -3.5546E-03 -8.5202E-07 -7.9676E-07 -1.7520E-07  3.5497E-04
  8.0000E-01  3.0000E+00  1.7355E-02 -1.5025E-03 -1.2497E-07 -1.6766E-07 -9.7797E-08  1.3112E-04
  8.5000E-01  3.0000E+00  6.8148E-03 -4.8517E-04 -8.0002E-09 -3.0186E-08 -2.6783E-08  3.7738E-05
  9.0000E-01  3.0000E+00  1.7481E-03 -9.6162E-05  1.7433E-09 -2.8406E-09 -4.4938E-09  6.6001E-06
  9.5000E-01  3.0000E+00  1.6156E-04 -6.1460E-06  5.1907E-10  5.9820E-10 -1.3924E-09  3.8232E-07
  5.0000E-02  4.0000E+00  1.0403E-01 -4.1692E-02  8.2572E-03 -2.7272E-02  4.4393E-03 -3.4656E-02
  1.0000E-01  4.0000E+00  2.1071E-01 -7.0957E-02 -2.1644E-04 -2.7883E-02  9.9416E-03 -3.7469E-02
  1.5000E-01  4.0000E+00  2.9011E-01 -9.2016E-02 -4.6660E-03 -2.1635E-02  1.0084E-02 -5.2952E-03
  2.0000E-01  4.0000E+00  3.3822E-01 -1.0216E-01 -5.6463E-03 -1.4677E-02  7.9697E-03  3.0850E-02
  2.5000E-01  4.0000E+00  3.5824E-01 -1.0219E-01 -4.8654E-03 -9.1012E-03  5.4220E-03  5.2223E-02
  3.0000E-01  4.0000E+00  3.5513E-01 -9.4595E-02 -3.5249E-03 -5.2468E-03  3.2856E-03  5.6022E-02
  3.5000E-01  4.0000E+00  3.3411E-01 -8.2232E-02 -2.2556E-03 -2.8261E-03  1.7960E-03  4.7927E-02
  4.0000E-01  4.0000E+00  3.0020E-01 -6.7677E-02 -1.2969E-03 -1.4200E-03  8.8742E-04  3.5144E-02
  4.5000E-01  4.0000E+00  2.5808E-01 -5.2917E-02 -6.7227E-04 -6.6139E-04  3.9414E-04  2.2850E-02
  5.0000E-01  4.0000E+00  2.1205E-01 -3.9309E-02 -3.1277E-04 -2.8276E-04  1.5521E-04  1.3450E-02
  5.5000E-01  4.0000E+00  1.6589E-01 -2.7651E-02 -1.2923E-04 -1.0952E-04  5.2771E-05  7.2921E-03
  6.0000E-01  4.0000E+00  1.2275E-01 -1.8291E-02 -4.6647E-05 -3.7863E-05  1.4657E-05  3.7030E-03
  6.5000E-01  4.0000E+00  8.5006E-02 -1.1245E-02 -1.4389E-05 -1.1526E-05  2.8457E-06  1.7859E-03
  7.0000E-01  4.0000E+00  5.4193E-02 -6.3053E-03 -3.6874E-06 -3.0805E-06  9.2524E-08  8.1866E-04
  7.5000E-01  4.0000E+00  3.0979E-02 -3.1285E-03 -7.5629E-07 -7.3843E-07 -2.1155E-07  3.4736E-04
  8.0000E-01  4.0000E+00  1.5180E-02 -1.3039E-03 -1.1448E-07 -1.6387E-07 -1.0499E-07  1.2777E-04
  8.5000E-01  4.0000E+00  5.8556E-03 -4.1372E-04 -8.0899E-09 -3.1137E-08 -2.8333E-08  3.6068E-05
  9.0000E-01  4.0000E+00  1.4663E-03 -8.0072E-05  1.4925E-09 -3.1645E-09 -4.7441E-09  6.0963E-06
  9.5000E-01  4.0000E+00  1.3086E-04 -4.9293E-06  4.6065E-10  4.7541E-10 -1.4054E-09  3.2603E-07
  5.0000E-02  5.0000E+00  1.0786E-01 -4.2634E-02  7.8339E-03 -2.7276E-02  4.4729E-03 -3.0591E-02
  1.0000E-01  5.0000E+00  2.1366E-01 -7.1510E-02 -4.4829E-04 -2.7395E-02  9.8089E-03 -2.8778E-02
  1.5000E-01  5.0000E+00  2.9046E-01 -9.1649E-02 -4.6212E-03 -2.0976E-02  9.8765E-03  3.3889E-03
  2.0000E-01  5.0000E+00  3.3555E-01 -1.0080E-01 -5.4533E-03 -1.4080E-02  7.7589E-03  3.6243E-02
  2.5000E-01  5.0000E+00  3.5278E-01 -1.0004E-01 -4.6426E-03 -8.6554E-03  5.2479E-03  5.3846E-02
  3.0000E-01  5.0000E+00  3.4746E-01 -9.1977E-02 -3.3366E-03 -4.9538E-03  3.1615E-03  5.5071E-02
  3.5000E-01  5.0000E+00  3.2495E-01 -7.9468E-02 -2.1219E-03 -2.6519E-03  1.7178E-03  4.5917E-02
  4.0000E-01  5.0000E+00  2.9031E-01 -6.5032E-02 -1.2135E-03 -1.3254E-03  8.4359E-04  3.3161E-02
  4.5000E-01  5.0000E+00  2.4819E-01 -5.0574E-02 -6.2601E-04 -6.1440E-04  3.7232E-04  2.1385E-02
  5.0000E-01  5.0000E+00  2.0280E-01 -3.7370E-02 -2.8987E-04 -2.6152E-04  1.4566E-04  1.2560E-02
  5.5000E-01  5.0000E+00  1.5777E-01 -2.6147E-02 -1.1919E-04 -1.0088E-04  4.9174E-05  6.8326E-03
  6.0000E-01  5.0000E+00  1.1607E-01 -1.7201E-02 -4.2811E-05 -3.4749E-05  1.3538E-05  3.4964E-03
  6.5000E-01  5.0000E+00  7.9895E-02 -1.0514E-02 -1.3137E-05 -1.0553E-05  2.5847E-06  1.7017E-03
  7.0000E-01  5.0000E+00  5.0604E-02 -5.8589E-03 -3.3487E-06 -2.8227E-06  6.0813E-08  7.8492E-04
  7.5000E-01  5.0000E+00  2.8720E-02 -2.8869E-03 -6.8288E-07 -6.8156E-07 -2.0538E-07  3.3301E-04
  8.0000E-01  5.0000E+00  1.3957E-02 -1.1936E-03 -1.0227E-07 -1.5337E-07 -1.0035E-07  1.2160E-04
  8.5000E-01  5.0000E+00  5.3302E-03 -3.7504E-04 -6.7333E-09 -2.9524E-08 -2.7057E-08  3.3863E-05
  9.0000E-01  5.0000E+00  1.3172E-03 -7.1652E-05  1.5067E-09 -3.0309E-09 -4.5660E-09  5.6087E-06
  9.5000E-01  5.0000E+00  1.1542E-04 -4.3228E-06  4.4027E-10  4.2958E-10 -1.3795E-09  2.8655E-07
  5.0000E-02  6.0000E+00  1.1099E-01 -4.3405E-02  7.4880E-03 -2.7280E-02  4.5004E-03 -2.7269E-02
  1.0000E-01  6.0000E+00  2.1608E-01 -7.1962E-02 -6.3772E-04 -2.6996E-02  9.7005E-03 -2.1678E-02
  1.5000E-01  6.0000E+00  2.9075E-01 -9.1348E-02 -4.5846E-03 -2.0438E-02  9.7070E-03  1.0484E-02
  2.0000E-01  6.0000E+00  3.3337E-01 -9.9688E-02 -5.2956E-03 -1.3592E-02  7.5867E-03  4.0650E-02
  2.5000E-01  6.0000E+00  3.4833E-01 -9.8287E-02 -4.4605E-03 -8.2912E-03  5.1057E-03  5.5173E-02
  3.0000E-01  6.0000E+00  3.4120E-01 -8.9837E-02 -3.1827E-03 -4.7144E-03  3.0601E-03  5.4293E-02
  3.5000E-01  6.0000E+00  3.1746E-01 -7.7210E-02 -2.0126E-03 -2.5096E-03  1.6539E-03  4.4275E-02
  4.0000E-01  6.0000E+00  2.8222E-01 -6.2871E-02 -1.1454E-03 -1.2481E-03  8.0779E-04  3.1541E-02
  4.5000E-01  6.0000E+00  2.4011E-01 -4.8659E-02 -5.8822E-04 -5.7600E-04  3.5449E-04  2.0188E-02
  5.0000E-01  6.0000E+00  1.9524E-01 -3.5785E-02 -2.7116E-04 -2.4416E-04  1.3785E-04  1.1833E-02
  5.5000E-01  6.0000E+00  1.5114E-01 -2.4918E-02 -1.1099E-04 -9.3820E-05  4.6234E-05  6.4572E-03
  6.0000E-01  6.0000E+00  1.1062E-01 -1.6311E-02 -3.9677E-05 -3.2205E-05  1.2625E-05  3.3276E-03
  6.5000E-01  6.0000E+00  7.5719E-02 -9.9167E-03 -1.2114E-05 -9.7577E-06  2.3715E-06  1.6329E-03
  7.0000E-01  6.0000E+00  4.7671E-02 -5.4941E-03 -3.0720E-06 -2.6121E-06  3.4903E-08  7.5736E-04
  7.5000E-01  6.0000E+00  2.6873E-02 -2.6895E-03 -6.2290E-07 -6.3510E-07 -2.0034E-07  3.2128E-04
  8.0000E-01  6.0000E+00  1.2958E-02 -1.1035E-03 -9.2293E-08 -1.4480E-07 -9.6558E-08  1.1656E-04
  8.5000E-01  6.0000E+00  4.9010E-03 -3.4344E-04 -5.6249E-09 -2.8206E-08 -2.6015E-08  3.2061E-05
  9.0000E-01  6.0000E+00  1.1954E-03 -6.4772E-05  1.5183E-09 -2.9218E-09 -4.4205E-09  5.2103E-06
  9.5000E-01  6.0000E+00  1.0280E-04 -3.8273E-06  4.2361E-10  3.9213E-10 -1.3583E-09  2.5429E-07
  5.0000E-02  7.0000E+00  1.1342E-01 -4.3998E-02  7.2277E-03 -2.7265E-02  4.5271E-03 -2.4377E-02
  1.0000E-01  7.0000E+00  2.1786E-01 -7.2282E-02 -7.6906E-04 -2.6670E-02  9.6229E-03 -1.6167E-02
  1.5000E-01  7.0000E+00  2.9083E-01 -9.1072E-02 -4.5463E-03 -2.0014E-02  9.5795E-03  1.5653E-02
  2.0000E-01  7.0000E+00  3.3153E-01 -9.8784E-02 -5.1707E-03 -1.3217E-02  7.4553E-03  4.3646E-02
  2.5000E-01  7.0000E+00  3.4474E-01 -9.6898E-02 -4.3210E-03 -8.0150E-03  4.9970E-03  5.5888E-02
  3.0000E-01  7.0000E+00  3.3624E-01 -8.8169E-02 -3.0664E-03 -4.5345E-03  2.9830E-03  5.3542E-02
  3.5000E-01  7.0000E+00  3.1161E-01 -7.5467E-02 -1.9307E-03 -2.4034E-03  1.6058E-03  4.2979E-02
  4.0000E-01  7.0000E+00  2.7597E-01 -6.1217E-02 -1.0946E-03 -1.1906E-03  7.8112E-04  3.0320E-02
  4.5000E-01  7.0000E+00  2.3391E-01 -4.7204E-02 -5.6012E-04 -5.4754E-04  3.4141E-04  1.9304E-02
  5.0000E-01  7.0000E+00  1.8949E-01 -3.4589E-02 -2.5729E-04 -2.3131E-04  1.3224E-04  1.1300E-02
  5.5000E-01  7.0000E+00  1.4612E-01 -2.3996E-02 -1.0491E-04 -8.8580E-05  4.4179E-05  6.1790E-03
  6.0000E-01  7.0000E+00  1.0652E-01 -1.5648E-02 -3.7350E-05 -3.0306E-05  1.2016E-05  3.1986E-03
  6.5000E-01  7.0000E+00  7.2608E-02 -9.4748E-03 -1.1351E-05 -9.1571E-06  2.2458E-06  1.5772E-03
  7.0000E-01  7.0000E+00  4.5503E-02 -5.2261E-03 -2.8630E-06 -2.4489E-06  2.8890E-08  7.3345E-04
  7.5000E-01  7.0000E+00  2.5520E-02 -2.5456E-03 -5.7631E-07 -5.9720E-07 -1.9190E-07  3.1074E-04
  8.0000E-01  7.0000E+00  1.2232E-02 -1.0384E-03 -8.4135E-08 -1.3716E-07 -9.2320E-08  1.1211E-04
  8.5000E-01  7.0000E+00  4.5928E-03 -3.2087E-04 -4.6441E-09 -2.6906E-08 -2.4913E-08  3.0545E-05
  9.0000E-01  7.0000E+00  1.1093E-03 -5.9931E-05  1.5410E-09 -2.7950E-09 -4.2657E-09  4.8942E-06
  9.5000E-01  7.0000E+00  9.4068E-05 -3.4859E-06  4.1487E-10  3.7019E-10 -1.3347E-09  2.3065E-07
  5.0000E-02  8.0000E+00  1.1539E-01 -4.4475E-02  7.0223E-03 -2.7241E-02  4.5523E-03 -2.1819E-02
  1.0000E-01  8.0000E+00  2.1924E-01 -7.2521E-02 -8.6484E-04 -2.6393E-02  9.5645E-03 -1.1702E-02
  1.5000E-01  8.0000E+00  2.9080E-01 -9.0818E-02 -4.5087E-03 -1.9668E-02  9.4788E-03  1.9611E-02
  2.0000E-01  8.0000E+00  3.2992E-01 -9.8024E-02 -5.0678E-03 -1.2915E-02  7.3503E-03  4.5786E-02
  2.5000E-01  8.0000E+00  3.4174E-01 -9.5754E-02 -4.2092E-03 -7.7954E-03  4.9101E-03  5.6255E-02
  3.0000E-01  8.0000E+00  3.3216E-01 -8.6812E-02 -2.9743E-03 -4.3927E-03  2.9215E-03  5.2834E-02
  3.5000E-01  8.0000E+00  3.0684E-01 -7.4061E-02 -1.8663E-03 -2.3202E-03  1.5677E-03  4.1914E-02
  4.0000E-01  8.0000E+00  2.7091E-01 -5.9892E-02 -1.0549E-03 -1.1459E-03  7.6026E-04  2.9357E-02
  4.5000E-01  8.0000E+00  2.2894E-01 -4.6046E-02 -5.3819E-04 -5.2538E-04  3.3133E-04  1.8620E-02
  5.0000E-01  8.0000E+00  1.8491E-01 -3.3642E-02 -2.4648E-04 -2.2131E-04  1.2800E-04  1.0888E-02
  5.5000E-01  8.0000E+00  1.4215E-01 -2.3271E-02 -1.0018E-04 -8.4496E-05  4.2667E-05  5.9624E-03
  6.0000E-01  8.0000E+00  1.0330E-01 -1.5129E-02 -3.5537E-05 -2.8819E-05  1.1592E-05  3.0954E-03
  6.5000E-01  8.0000E+00  7.0175E-02 -9.1313E-03 -1.0754E-05 -8.6816E-06  2.1710E-06  1.5305E-03
  7.0000E-01  8.0000E+00  4.3819E-02 -5.0192E-03 -2.6974E-06 -2.3168E-06  3.3597E-08  7.1237E-04
  7.5000E-01  8.0000E+00  2.4477E-02 -2.4354E-03 -5.3851E-07 -5.6524E-07 -1.8197E-07  3.0121E-04
  8.0000E-01  8.0000E+00  1.1678E-02 -9.8897E-04 -7.7242E-08 -1.3031E-07 -8.8005E-08  1.0814E-04
  8.5000E-01  8.0000E+00  4.3602E-03 -3.0391E-04 -3.7673E-09 -2.5664E-08 -2.3822E-08  2.9238E-05
  9.0000E-01  8.0000E+00  1.0452E-03 -5.6347E-05  1.5686E-09 -2.6635E-09 -4.1116E-09  4.6333E-06
  9.5000E-01  8.0000E+00  8.7709E-05 -3.2385E-06  4.1064E-10  3.5726E-10 -1.3108E-09  2.1244E-07
  5.0000E-02  9.0000E+00  1.1712E-01 -4.4896E-02  6.8412E-03 -2.7219E-02  4.5745E-03 -1.9563E-02
  1.0000E-01  9.0000E+00  2.2047E-01 -7.2732E-02 -9.4933E-04 -2.6150E-02  9.5129E-03 -7.7636E-03
  1.5000E-01  9.0000E+00  2.9077E-01 -9.0594E-02 -4.4754E-03 -1.9362E-02  9.3900E-03  2.3103E-02
  2.0000E-01  9.0000E+00  3.2851E-01 -9.7354E-02 -4.9769E-03 -1.2649E-02  7.2577E-03  4.7674E-02
  2.5000E-01  9.0000E+00  3.3909E-01 -9.4745E-02 -4.1105E-03 -7.6017E-03  4.8334E-03  5.6579E-02
  3.0000E-01  9.0000E+00  3.2856E-01 -8.5615E-02 -2.8931E-03 -4.2677E-03  2.8673E-03  5.2208E-02
  3.5000E-01  9.0000E+00  3.0264E-01 -7.2821E-02 -1.8094E-03 -2.2468E-03  1.5341E-03  4.0974E-02
  4.0000E-01  9.0000E+00  2.6646E-01 -5.8723E-02 -1.0198E-03 -1.1063E-03  7.4187E-04  2.8507E-02
  4.5000E-01  9.0000E+00  2.2455E-01 -4.5024E-02 -5.1885E-04 -5.0584E-04  3.2244E-04  1.8015E-02
  5.0000E-01  9.0000E+00  1.8086E-01 -3.2807E-02 -2.3694E-04 -2.1248E-04  1.2425E-04  1.0526E-02
  5.5000E-01  9.0000E+00  1.3865E-01 -2.2631E-02 -9.6010E-05 -8.0894E-05  4.1333E-05  5.7714E-03
  6.0000E-01  9.0000E+00  1.0045E-01 -1.4671E-02 -3.3937E-05 -2.7507E-05  1.1217E-05  3.0043E-03
  6.5000E-01  9.0000E+00  6.8028E-02 -8.8284E-03 -1.0227E-05 -8.2622E-06  2.1050E-06  1.4893E-03
  7.0000E-01  9.0000E+00  4.2334E-02 -4.8367E-03 -2.5513E-06 -2.2003E-06  3.7749E-08  6.9377E-04
  7.5000E-01  9.0000E+00  2.3557E-02 -2.3381E-03 -5.0517E-07 -5.3705E-07 -1.7321E-07  2.9281E-04
  8.0000E-01  9.0000E+00  1.1189E-02 -9.4535E-04 -7.1162E-08 -1.2427E-07 -8.4199E-08  1.0464E-04
  8.5000E-01  9.0000E+00  4.1549E-03 -2.8895E-04 -2.9939E-09 -2.4567E-08 -2.2858E-08  2.8084E-05
  9.0000E-01  9.0000E+00  9.8871E-04 -5.3185E-05  1.5930E-09 -2.5475E-09 -3.9758E-09  4.4032E-06
  9.5000E-01  9.0000E+00  8.2100E-05 -3.0202E-06  4.0690E-10  3.4585E-10 -1.2897E-09  1.9638E-07
  5.0000E-02  1.0000E+01  1.1867E-01 -4.5272E-02  6.6791E-03 -2.7200E-02  4.5944E-03 -1.7545E-02
  1.0000E-01  1.0000E+01  2.2156E-01 -7.2920E-02 -1.0249E-03 -2.5932E-02  9.4668E-03 -4.2404E-03
  1.5000E-01  1.0000E+01  2.9075E-01 -9.0394E-02 -4.4457E-03 -1.9089E-02  9.3106E-03  2.6227E-02
  2.0000E-01  1.0000E+01  3.2725E-01 -9.6754E-02 -4.8957E-03 -1.2411E-02  7.1749E-03  4.9362E-02
  2.5000E-01  1.0000E+01  3.3672E-01 -9.3842E-02 -4.0223E-03 -7.4285E-03  4.7648E-03  5.6869E-02
  3.0000E-01  1.0000E+01  3.2534E-01 -8.4544E-02 -2.8204E-03 -4.1558E-03  2.8188E-03  5.1649E-02
  3.5000E-01  1.0000E+01  2.9888E-01 -7.1711E-02 -1.7586E-03 -2.1812E-03  1.5041E-03  4.0134E-02
  4.0000E-01  1.0000E+01  2.6247E-01 -5.7677E-02 -9.8845E-04 -1.0710E-03  7.2542E-04  2.7747E-02
  4.5000E-01  1.0000E+01  2.2063E-01 -4.4110E-02 -5.0155E-04 -4.8836E-04  3.1448E-04  1.7475E-02
  5.0000E-01  1.0000E+01  1.7724E-01 -3.2060E-02 -2.2841E-04 -2.0459E-04  1.2090E-04  1.0201E-02
  5.5000E-01  1.0000E+01  1.3551E-01 -2.2059E-02 -9.2277E-05 -7.7671E-05  4.0140E-05  5.6005E-03
  6.0000E-01  1.0000E+01  9.7907E-02 -1.4262E-02 -3.2506E-05 -2.6334E-05  1.0882E-05  2.9229E-03
  6.5000E-01  1.0000E+01  6.6108E-02 -8.5574E-03 -9.7559E-06 -7.8870E-06  2.0460E-06  1.4524E-03
  7.0000E-01  1.0000E+01  4.1005E-02 -4.6734E-03 -2.4207E-06 -2.0961E-06  4.1463E-08  6.7713E-04
  7.5000E-01  1.0000E+01  2.2734E-02 -2.2511E-03 -4.7535E-07 -5.1183E-07 -1.6538E-07  2.8529E-04
  8.0000E-01  1.0000E+01  1.0752E-02 -9.0633E-04 -6.5723E-08 -1.1886E-07 -8.0794E-08  1.0150E-04
  8.5000E-01  1.0000E+01  3.9713E-03 -2.7557E-04 -2.3021E-09 -2.3587E-08 -2.1997E-08  2.7052E-05
  9.0000E-01  1.0000E+01  9.3815E-04 -5.0357E-05  1.6148E-09 -2.4438E-09 -3.8543E-09  4.1973E-06
  9.5000E-01  1.0000E+01  7.7082E-05 -2.8250E-06  4.0355E-10  3.3564E-10 -1.2708E-09  1.8201E-07
  5.0000E-02  1.1000E+01  1.1990E-01 -4.5568E-02  6.5570E-03 -2.7170E-02  4.6147E-03 -1.5712E-02
  1.0000E-01  1.1000E+01  2.2236E-01 -7.3045E-02 -1.0734E-03 -2.5746E-02  9.4345E-03 -1.4836E-03
  1.5000E-01  1.1000E+01  2.9062E-01 -9.0200E-02 -4.4152E-03 -1.8868E-02  9.2498E-03  2.8435E-02
  2.0000E-01  1.1000E+01  3.2613E-01 -9.6246E-02 -4.8296E-03 -1.2224E-02  7.1104E-03  5.0398E-02
  2.5000E-01  1.1000E+01  3.3473E-01 -9.3104E-02 -3.9536E-03 -7.2955E-03  4.7113E-03  5.6891E-02
  3.0000E-01  1.1000E+01  3.2271E-01 -8.3686E-02 -2.7650E-03 -4.0712E-03  2.7813E-03  5.1117E-02
  3.5000E-01  1.1000E+01  2.9586E-01 -7.0836E-02 -1.7203E-03 -2.1321E-03  1.4812E-03  3.9462E-02
  4.0000E-01  1.1000E+01  2.5931E-01 -5.6862E-02 -9.6504E-04 -1.0448E-03  7.1309E-04  2.7173E-02
  4.5000E-01  1.1000E+01  2.1756E-01 -4.3406E-02 -4.8872E-04 -4.7545E-04  3.0864E-04  1.7078E-02
  5.0000E-01  1.1000E+01  1.7444E-01 -3.1491E-02 -2.2211E-04 -1.9878E-04  1.1851E-04  9.9637E-03
  5.5000E-01  1.1000E+01  1.3311E-01 -2.1627E-02 -8.9533E-05 -7.5300E-05  3.9323E-05  5.4737E-03
  6.0000E-01  1.1000E+01  9.5985E-02 -1.3956E-02 -3.1456E-05 -2.5468E-05  1.0670E-05  2.8600E-03
  6.5000E-01  1.1000E+01  6.4675E-02 -8.3573E-03 -9.4094E-06 -7.6074E-06  2.0187E-06  1.4224E-03
  7.0000E-01  1.1000E+01  4.0025E-02 -4.5542E-03 -2.3239E-06 -2.0168E-06  5.0513E-08  6.6291E-04
  7.5000E-01  1.1000E+01  2.2136E-02 -2.1884E-03 -4.5288E-07 -4.9190E-07 -1.5748E-07  2.7879E-04
  8.0000E-01  1.1000E+01  1.0439E-02 -8.7864E-04 -6.1528E-08 -1.1437E-07 -7.7682E-08  9.8856E-05
  8.5000E-01  1.1000E+01  3.8423E-03 -2.6625E-04 -1.7645E-09 -2.2739E-08 -2.1232E-08  2.6222E-05
  9.0000E-01  1.1000E+01  9.0352E-04 -4.8434E-05  1.6309E-09 -2.3500E-09 -3.7463E-09  4.0417E-06
  9.5000E-01  1.1000E+01  7.3764E-05 -2.6971E-06  4.0376E-10  3.3179E-10 -1.2516E-09  1.7221E-07
  5.0000E-02  1.2000E+01  1.2103E-01 -4.5838E-02  6.4454E-03 -2.7142E-02  4.6332E-03 -1.4040E-02
  1.0000E-01  1.2000E+01  2.2309E-01 -7.3159E-02 -1.1178E-03 -2.5576E-02  9.4051E-03  1.0332E-03
  1.5000E-01  1.2000E+01  2.9050E-01 -9.0023E-02 -4.3874E-03 -1.8667E-02  9.1944E-03  3.0451E-02
  2.0000E-01  1.2000E+01  3.2510E-01 -9.5781E-02 -4.7692E-03 -1.2054E-02  7.0514E-03  5.1344E-02
  2.5000E-01  1.2000E+01  3.3292E-01 -9.2430E-02 -3.8909E-03 -7.1742E-03  4.6625E-03  5.6911E-02
  3.0000E-01  1.2000E+01  3.2031E-01 -8.2903E-02 -2.7144E-03 -3.9941E-03  2.7471E-03  5.0631E-02
  3.5000E-01  1.2000E+01  2.9310E-01 -7.0037E-02 -1.6854E-03 -2.0873E-03  1.4603E-03  3.8848E-02
  4.0000E-01  1.2000E+01  2.5643E-01 -5.6118E-02 -9.4367E-04 -1.0208E-03  7.0183E-04  2.6650E-02
  4.5000E-01  1.2000E+01  2.1476E-01 -4.2764E-02 -4.7701E-04 -4.6367E-04  3.0331E-04  1.6715E-02
  5.0000E-01  1.2000E+01  1.7189E-01 -3.0971E-02 -2.1637E-04 -1.9347E-04  1.1632E-04  9.7470E-03
  5.5000E-01  1.2000E+01  1.3093E-01 -2.1233E-02 -8.7027E-05 -7.3136E-05  3.8577E-05  5.3580E-03
  6.0000E-01  1.2000E+01  9.4231E-02 -1.3677E-02 -3.0498E-05 -2.4678E-05  1.0477E-05  2.8027E-03
  6.5000E-01  1.2000E+01  6.3366E-02 -8.1746E-03 -9.0931E-06 -7.3522E-06  1.9937E-06  1.3949E-03
  7.0000E-01  1.2000E+01  3.9131E-02 -4.4455E-03 -2.2355E-06 -1.9444E-06  5.8775E-08  6.4993E-04
  7.5000E-01  1.2000E+01  2.1589E-02 -2.1312E-03 -4.3237E-07 -4.7370E-07 -1.5027E-07  2.7285E-04
  8.0000E-01  1.2000E+01  1.0153E-02 -8.5337E-04 -5.7698E-08 -1.1027E-07 -7.4840E-08  9.6443E-05
  8.5000E-01  1.2000E+01  3.7246E-03 -2.5774E-04 -1.2737E-09 -2.1965E-08 -2.0534E-08  2.5465E-05
  9.0000E-01  1.2000E+01  8.7191E-04 -4.6679E-05  1.6456E-09 -2.2644E-09 -3.6476E-09  3.8997E-06
  9.5000E-01  1.2000E+01  7.0735E-05 -2.5802E-06  4.0396E-10  3.2827E-10 -1.2341E-09  1.6327E-07
  5.0000E-02  1.3000E+01  1.2206E-01 -4.6086E-02  6.3429E-03 -2.7117E-02  4.6503E-03 -1.2501E-02
  1.0000E-01  1.3000E+01  2.2376E-01 -7.3264E-02 -1.1585E-03 -2.5420E-02  9.3780E-03  3.3484E-03
  1.5000E-01  1.3000E+01  2.9039E-01 -8.9861E-02 -4.3618E-03 -1.8481E-02  9.1433E-03  3.2306E-02
  2.0000E-01  1.3000E+01  3.2416E-01 -9.5354E-02 -4.7136E-03 -1.1897E-02  6.9972E-03  5.2214E-02
  2.5000E-01  1.3000E+01  3.3125E-01 -9.1810E-02 -3.8332E-03 -7.0625E-03  4.6176E-03  5.6929E-02
  3.0000E-01  1.3000E+01  3.1810E-01 -8.2183E-02 -2.6679E-03 -3.9230E-03  2.7157E-03  5.0183E-02
  3.5000E-01  1.3000E+01  2.9057E-01 -6.9302E-02 -1.6533E-03 -2.0460E-03  1.4411E-03  3.8283E-02
  4.0000E-01  1.3000E+01  2.5378E-01 -5.5434E-02 -9.2401E-04 -9.9875E-04  6.9147E-04  2.6168E-02
  4.5000E-01  1.3000E+01  2.1218E-01 -4.2173E-02 -4.6623E-04 -4.5284E-04  2.9841E-04  1.6381E-02
  5.0000E-01  1.3000E+01  1.6954E-01 -3.0493E-02 -2.1108E-04 -1.8859E-04  1.1431E-04  9.5477E-03
  5.5000E-01  1.3000E+01  1.2892E-01 -2.0871E-02 -8.4722E-05 -7.1145E-05  3.7891E-05  5.2515E-03
  6.0000E-01  1.3000E+01  9.2617E-02 -1.3420E-02 -2.9616E-05 -2.3951E-05  1.0299E-05  2.7499E-03
  6.5000E-01  1.3000E+01  6.2162E-02 -8.0065E-03 -8.8022E-06 -7.1174E-06  1.9708E-06  1.3697E-03
  7.0000E-01  1.3000E+01  3.8309E-02 -4.3454E-03 -2.1542E-06 -1.8778E-06  6.6375E-08  6.3800E-04
  7.5000E-01  1.3000E+01  2.1087E-02 -2.0785E-03 -4.1350E-07 -4.5696E-07 -1.4363E-07  2.6739E-04
  8.0000E-01  1.3000E+01  9.8905E-03 -8.3012E-04 -5.4175E-08 -1.0650E-07 -7.2227E-08  9.4222E-05
  8.5000E-01  1.3000E+01  3.6163E-03 -2.4991E-04 -8.2222E-10 -2.1253E-08 -1.9892E-08  2.4768E-05
  9.0000E-01  1.3000E+01  8.4282E-04 -4.5065E-05  1.6591E-09 -2.1856E-09 -3.5569E-09  3.7690E-06
  9.5000E-01  1.3000E+01  6.7949E-05 -2.4728E-06  4.0414E-10  3.2504E-10 -1.2180E-09  1.5504E-07
  5.0000E-02  1.4000E+01  1.2302E-01 -4.6316E-02  6.2479E-03 -2.7094E-02  4.6661E-03 -1.1076E-02
  1.0000E-01  1.4000E+01  2.2438E-01 -7.3361E-02 -1.1963E-03 -2.5275E-02  9.3529E-03  5.4920E-03
  1.5000E-01  1.4000E+01  2.9029E-01 -8.9710E-02 -4.3382E-03 -1.8310E-02  9.0961E-03  3.4023E-02
  2.0000E-01  1.4000E+01  3.2328E-01 -9.4959E-02 -4.6622E-03 -1.1752E-02  6.9470E-03  5.3019E-02
  2.5000E-01  1.4000E+01  3.2970E-01 -9.1236E-02 -3.7797E-03 -6.9591E-03  4.5760E-03  5.6946E-02
  3.0000E-01  1.4000E+01  3.1605E-01 -8.1516E-02 -2.6248E-03 -3.8573E-03  2.6865E-03  4.9769E-02
  3.5000E-01  1.4000E+01  2.8822E-01 -6.8621E-02 -1.6235E-03 -2.0078E-03  1.4233E-03  3.7761E-02
  4.0000E-01  1.4000E+01  2.5133E-01 -5.4801E-02 -9.0581E-04 -9.7835E-04  6.8189E-04  2.5722E-02
  4.5000E-01  1.4000E+01  2.0979E-01 -4.1625E-02 -4.5626E-04 -4.4280E-04  2.9387E-04  1.6073E-02
  5.0000E-01  1.4000E+01  1.6736E-01 -3.0050E-02 -2.0619E-04 -1.8408E-04  1.1245E-04  9.3632E-03
  5.5000E-01  1.4000E+01  1.2705E-01 -2.0535E-02 -8.2589E-05 -6.9302E-05  3.7255E-05  5.1529E-03
  6.0000E-01  1.4000E+01  9.1122E-02 -1.3182E-02 -2.8800E-05 -2.3278E-05  1.0135E-05  2.7010E-03
  6.5000E-01  1.4000E+01  6.1048E-02 -7.8509E-03 -8.5328E-06 -6.9001E-06  1.9496E-06  1.3463E-03
  7.0000E-01  1.4000E+01  3.7547E-02 -4.2528E-03 -2.0790E-06 -1.8161E-06  7.3412E-08  6.2694E-04
  7.5000E-01  1.4000E+01  2.0621E-02 -2.0298E-03 -3.9603E-07 -4.4146E-07 -1.3749E-07  2.6233E-04
  8.0000E-01  1.4000E+01  9.6471E-03 -8.0859E-04 -5.0914E-08 -1.0301E-07 -6.9807E-08  9.2167E-05
  8.5000E-01  1.4000E+01  3.5160E-03 -2.4266E-04 -4.0422E-10 -2.0594E-08 -1.9298E-08  2.4123E-05
  9.0000E-01  1.4000E+01  8.1590E-04 -4.3570E-05  1.6716E-09 -2.1127E-09 -3.4729E-09  3.6480E-06
  9.5000E-01  1.4000E+01  6.5370E-05 -2.3733E-06  4.0431E-10  3.2205E-10 -1.2031E-09  1.4742E-07
  5.0000E-02  1.5000E+01  1.2391E-01 -4.6530E-02  6.1594E-03 -2.7072E-02  4.6808E-03 -9.7498E-03
  1.0000E-01  1.5000E+01  2.2496E-01 -7.3452E-02 -1.2314E-03 -2.5140E-02  9.3296E-03  7.4876E-03
  1.5000E-01  1.5000E+01  2.9020E-01 -8.9570E-02 -4.3161E-03 -1.8150E-02  9.0521E-03  3.5621E-02
  2.0000E-01  1.5000E+01  3.2247E-01 -9.4591E-02 -4.6143E-03 -1.1617E-02  6.9003E-03  5.3769E-02
  2.5000E-01  1.5000E+01  3.2826E-01 -9.0702E-02 -3.7300E-03 -6.8629E-03  4.5373E-03  5.6962E-02
  3.0000E-01  1.5000E+01  3.1415E-01 -8.0895E-02 -2.5847E-03 -3.7961E-03  2.6594E-03  4.9384E-02
  3.5000E-01  1.5000E+01  2.8603E-01 -6.7988E-02 -1.5958E-03 -1.9723E-03  1.4067E-03  3.7274E-02
  4.0000E-01  1.5000E+01  2.4904E-01 -5.4211E-02 -8.8886E-04 -9.5935E-04  6.7296E-04  2.5307E-02
  4.5000E-01  1.5000E+01  2.0757E-01 -4.1116E-02 -4.4697E-04 -4.3346E-04  2.8964E-04  1.5785E-02
  5.0000E-01  1.5000E+01  1.6534E-01 -2.9638E-02 -2.0163E-04 -1.7987E-04  1.1072E-04  9.1914E-03
  5.5000E-01  1.5000E+01  1.2532E-01 -2.0223E-02 -8.0602E-05 -6.7586E-05  3.6664E-05  5.0611E-03
  6.0000E-01  1.5000E+01  8.9731E-02 -1.2961E-02 -2.8040E-05 -2.2651E-05  9.9816E-06  2.6555E-03
  6.5000E-01  1.5000E+01  6.0010E-02 -7.7060E-03 -8.2820E-06 -6.6977E-06  1.9298E-06  1.3246E-03
  7.0000E-01  1.5000E+01  3.6838E-02 -4.1665E-03 -2.0089E-06 -1.7587E-06  7.9963E-08  6.1665E-04
  7.5000E-01  1.5000E+01  2.0188E-02 -1.9844E-03 -3.7976E-07 -4.2703E-07 -1.3177E-07  2.5762E-04
  8.0000E-01  1.5000E+01  9.4206E-03 -7.8855E-04 -4.7877E-08 -9.9757E-08 -6.7554E-08  9.0253E-05
  8.5000E-01  1.5000E+01  3.4226E-03 -2.3591E-04 -1.5059E-11 -1.9980E-08 -1.8744E-08  2.3522E-05
  9.0000E-01  1.5000E+01  7.9083E-04 -4.2178E-05  1.6833E-09 -2.0448E-09 -3.3947E-09  3.5354E-06
  9.5000E-01  1.5000E+01  6.2968E-05 -2.2807E-06  4.0446E-10  3.1926E-10 -1.1892E-09  1.4033E-07
  5.0000E-02  1.6000E+01  1.2464E-01 -4.6703E-02  6.0909E-03 -2.7045E-02  4.6957E-03 -8.5385E-03
  1.0000E-01  1.6000E+01  2.2539E-01 -7.3511E-02 -1.2537E-03 -2.5022E-02  9.3129E-03  9.0740E-03
  1.5000E-01  1.6000E+01  2.9005E-01 -8.9434E-02 -4.2941E-03 -1.8017E-02  9.0173E-03  3.6756E-02
  2.0000E-01  1.6000E+01  3.2173E-01 -9.4270E-02 -4.5740E-03 -1.1507E-02  6.8627E-03  5.4201E-02
  2.5000E-01  1.6000E+01  3.2702E-01 -9.0251E-02 -3.6898E-03 -6.7863E-03  4.5061E-03  5.6852E-02
  3.0000E-01  1.6000E+01  3.1254E-01 -8.0381E-02 -2.5530E-03 -3.7481E-03  2.6377E-03  4.9014E-02
  3.5000E-01  1.6000E+01  2.8422E-01 -6.7471E-02 -1.5742E-03 -1.9447E-03  1.3936E-03  3.6866E-02
  4.0000E-01  1.6000E+01  2.4717E-01 -5.3736E-02 -8.7577E-04 -9.4475E-04  6.6600E-04  2.4977E-02
  4.5000E-01  1.6000E+01  2.0577E-01 -4.0709E-02 -4.3986E-04 -4.2634E-04  2.8639E-04  1.5563E-02
  5.0000E-01  1.6000E+01  1.6372E-01 -2.9312E-02 -1.9817E-04 -1.7669E-04  1.0941E-04  9.0594E-03
  5.5000E-01  1.6000E+01  1.2395E-01 -1.9979E-02 -7.9109E-05 -6.6298E-05  3.6223E-05  4.9899E-03
  6.0000E-01  1.6000E+01  8.8642E-02 -1.2790E-02 -2.7476E-05 -2.2185E-05  9.8686E-06  2.6193E-03
  6.5000E-01  1.6000E+01  5.9207E-02 -7.5950E-03 -8.0991E-06 -6.5497E-06  1.9147E-06  1.3067E-03
  7.0000E-01  1.6000E+01  3.6296E-02 -4.1012E-03 -1.9594E-06 -1.7178E-06  8.3950E-08  6.0804E-04
  7.5000E-01  1.6000E+01  1.9861E-02 -1.9505E-03 -3.6894E-07 -4.1717E-07 -1.2817E-07  2.5370E-04
  8.0000E-01  1.6000E+01  9.2522E-03 -7.7378E-04 -4.6116E-08 -9.7664E-08 -6.6178E-08  8.8698E-05
  8.5000E-01  1.6000E+01  3.3545E-03 -2.3103E-04  1.3380E-10 -1.9610E-08 -1.8418E-08  2.3052E-05
  9.0000E-01  1.6000E+01  7.7299E-04 -4.1195E-05  1.6708E-09 -2.0061E-09 -3.3474E-09  3.4515E-06
  9.5000E-01  1.6000E+01  6.1315E-05 -2.2176E-06  4.0540E-10  3.1834E-10 -1.1765E-09  1.3550E-07
  5.0000E-02  1.7000E+01  1.2532E-01 -4.6865E-02  6.0266E-03 -2.7020E-02  4.7098E-03 -7.4007E-03
  1.0000E-01  1.7000E+01  2.2580E-01 -7.3567E-02 -1.2747E-03 -2.4911E-02  9.2972E-03  1.0564E-02
  1.5000E-01  1.7000E+01  2.8992E-01 -8.9307E-02 -4.2735E-03 -1.7892E-02  8.9845E-03  3.7823E-02
  2.0000E-01  1.7000E+01  3.2103E-01 -9.3968E-02 -4.5362E-03 -1.1405E-02  6.8273E-03  5.4607E-02
  2.5000E-01  1.7000E+01  3.2585E-01 -8.9827E-02 -3.6521E-03 -6.7143E-03  4.4769E-03  5.6749E-02
  3.0000E-01  1.7000E+01  3.1103E-01 -7.9898E-02 -2.5232E-03 -3.7030E-03  2.6174E-03  4.8666E-02
  3.5000E-01  1.7000E+01  2.8251E-01 -6.6985E-02 -1.5539E-03 -1.9188E-03  1.3813E-03  3.6483E-02
  4.0000E-01  1.7000E+01  2.4541E-01 -5.3289E-02 -8.6347E-04 -9.3104E-04  6.5946E-04  2.4667E-02
  4.5000E-01  1.7000E+01  2.0409E-01 -4.0328E-02 -4.3318E-04 -4.1965E-04  2.8334E-04  1.5354E-02
  5.0000E-01  1.7000E+01  1.6220E-01 -2.9007E-02 -1.9492E-04 -1.7370E-04  1.0818E-04  8.9355E-03
  5.5000E-01  1.7000E+01  1.2266E-01 -1.9749E-02 -7.7706E-05 -6.5087E-05  3.5809E-05  4.9230E-03
  6.0000E-01  1.7000E+01  8.7619E-02 -1.2629E-02 -2.6946E-05 -2.1748E-05  9.7624E-06  2.5853E-03
  6.5000E-01  1.7000E+01  5.8453E-02 -7.4908E-03 -7.9274E-06 -6.4106E-06  1.9005E-06  1.2900E-03
  7.0000E-01  1.7000E+01  3.5787E-02 -4.0398E-03 -1.9129E-06 -1.6793E-06  8.7695E-08  5.9995E-04
  7.5000E-01  1.7000E+01  1.9554E-02 -1.9186E-03 -3.5878E-07 -4.0790E-07 -1.2479E-07  2.5001E-04
  8.0000E-01  1.7000E+01  9.0941E-03 -7.5991E-04 -4.4463E-08 -9.5699E-08 -6.4885E-08  8.7237E-05
  8.5000E-01  1.7000E+01  3.2905E-03 -2.2644E-04  2.7364E-10 -1.9263E-08 -1.8112E-08  2.2611E-05
  9.0000E-01  1.7000E+01  7.5622E-04 -4.0271E-05  1.6590E-09 -1.9697E-09 -3.3030E-09  3.3728E-06
  9.5000E-01  1.7000E+01  5.9763E-05 -2.1582E-06  4.0628E-10  3.1748E-10 -1.1646E-09  1.3097E-07
  5.0000E-02  1.8000E+01  1.2597E-01 -4.7018E-02  5.9659E-03 -2.6996E-02  4.7230E-03 -6.3280E-03
  1.0000E-01  1.8000E+01  2.2618E-01 -7.3620E-02 -1.2945E-03 -2.4807E-02  9.2823E-03  1.1969E-02
  1.5000E-01  1.8000E+01  2.8979E-01 -8.9186E-02 -4.2540E-03 -1.7773E-02  8.9537E-03  3.8829E-02
  2.0000E-01  1.8000E+01  3.2037E-01 -9.3684E-02 -4.5005E-03 -1.1308E-02  6.7939E-03  5.4990E-02
  2.5000E-01  1.8000E+01  3.2474E-01 -8.9427E-02 -3.6165E-03 -6.6464E-03  4.4493E-03  5.6652E-02
  3.0000E-01  1.8000E+01  3.0961E-01 -7.9442E-02 -2.4951E-03 -3.6605E-03  2.5982E-03  4.8338E-02
  3.5000E-01  1.8000E+01  2.8090E-01 -6.6527E-02 -1.5347E-03 -1.8944E-03  1.3697E-03  3.6122E-02
  4.0000E-01  1.8000E+01  2.4375E-01 -5.2868E-02 -8.5187E-04 -9.1812E-04  6.5330E-04  2.4375E-02
  4.5000E-01  1.8000E+01  2.0249E-01 -3.9967E-02 -4.2688E-04 -4.1334E-04  2.8047E-04  1.5156E-02
  5.0000E-01  1.8000E+01  1.6076E-01 -2.8718E-02 -1.9186E-04 -1.7088E-04  1.0702E-04  8.8186E-03
  5.5000E-01  1.8000E+01  1.2144E-01 -1.9533E-02 -7.6384E-05 -6.3946E-05  3.5418E-05  4.8599E-03
  6.0000E-01  1.8000E+01  8.6655E-02 -1.2477E-02 -2.6446E-05 -2.1335E-05  9.6623E-06  2.5532E-03
  6.5000E-01  1.8000E+01  5.7742E-02 -7.3926E-03 -7.7654E-06 -6.2795E-06  1.8872E-06  1.2742E-03
  7.0000E-01  1.8000E+01  3.5307E-02 -3.9820E-03 -1.8690E-06 -1.6431E-06  9.1226E-08  5.9233E-04
  7.5000E-01  1.8000E+01  1.9265E-02 -1.8886E-03 -3.4920E-07 -3.9917E-07 -1.2161E-07  2.4654E-04
  8.0000E-01  1.8000E+01  8.9449E-03 -7.4683E-04 -4.2903E-08 -9.3845E-08 -6.3666E-08  8.5860E-05
  8.5000E-01  1.8000E+01  3.2302E-03 -2.2211E-04  4.0548E-10 -1.8935E-08 -1.7824E-08  2.2195E-05
  9.0000E-01  1.8000E+01  7.4042E-04 -3.9400E-05  1.6480E-09 -1.9354E-09 -3.2611E-09  3.2985E-06
  9.5000E-01  1.8000E+01  5.8299E-05 -2.1023E-06  4.0711E-10  3.1667E-10 -1.1533E-09  1.2670E-07
  5.0000E-02  1.9000E+01  1.2658E-01 -4.7163E-02  5.9085E-03 -2.6974E-02  4.7356E-03 -5.3132E-03
  1.0000E-01  1.9000E+01  2.2654E-01 -7.3669E-02 -1.3132E-03 -2.4708E-02  9.2683E-03  1.3298E-02
  1.5000E-01  1.9000E+01  2.8967E-01 -8.9073E-02 -4.2356E-03 -1.7662E-02  8.9245E-03  3.9780E-02
  2.0000E-01  1.9000E+01  3.1975E-01 -9.3415E-02 -4.4667E-03 -1.1216E-02  6.7624E-03  5.5352E-02
  2.5000E-01  1.9000E+01  3.2370E-01 -8.9049E-02 -3.5828E-03 -6.5822E-03  4.4232E-03  5.6560E-02
  3.0000E-01  1.9000E+01  3.0826E-01 -7.9012E-02 -2.4685E-03 -3.6203E-03  2.5801E-03  4.8027E-02
  3.5000E-01  1.9000E+01  2.7938E-01 -6.6093E-02 -1.5166E-03 -1.8713E-03  1.3588E-03  3.5780E-02
  4.0000E-01  1.9000E+01  2.4219E-01 -5.2470E-02 -8.4090E-04 -9.0589E-04  6.4747E-04  2.4099E-02
  4.5000E-01  1.9000E+01  2.0099E-01 -3.9627E-02 -4.2093E-04 -4.0737E-04  2.7775E-04  1.4970E-02
  5.0000E-01  1.9000E+01  1.5941E-01 -2.8445E-02 -1.8896E-04 -1.6821E-04  1.0592E-04  8.7080E-03
  5.5000E-01  1.9000E+01  1.2029E-01 -1.9328E-02 -7.5133E-05 -6.2867E-05  3.5049E-05  4.8002E-03
  6.0000E-01  1.9000E+01  8.5743E-02 -1.2334E-02 -2.5974E-05 -2.0945E-05  9.5676E-06  2.5229E-03
  6.5000E-01  1.9000E+01  5.7069E-02 -7.2996E-03 -7.6122E-06 -6.1555E-06  1.8745E-06  1.2592E-03
  7.0000E-01  1.9000E+01  3.4853E-02 -3.9273E-03 -1.8275E-06 -1.6088E-06  9.4566E-08  5.8511E-04
  7.5000E-01  1.9000E+01  1.8991E-02 -1.8601E-03 -3.4014E-07 -3.9090E-07 -1.1859E-07  2.4325E-04
  8.0000E-01  1.9000E+01  8.8039E-03 -7.3446E-04 -4.1428E-08 -9.2092E-08 -6.2514E-08  8.4557E-05
  8.5000E-01  1.9000E+01  3.1731E-03 -2.1802E-04  5.3019E-10 -1.8625E-08 -1.7551E-08  2.1802E-05
  9.0000E-01  1.9000E+01  7.2547E-04 -3.8576E-05  1.6375E-09 -1.9030E-09 -3.2214E-09  3.2283E-06
  9.5000E-01  1.9000E+01  5.6914E-05 -2.0494E-06  4.0790E-10  3.1591E-10 -1.1426E-09  1.2265E-07
  5.0000E-02  2.0000E+01  1.2716E-01 -4.7300E-02  5.8540E-03 -2.6952E-02  4.7475E-03 -4.3506E-03
  1.0000E-01  2.0000E+01  2.2689E-01 -7.3717E-02 -1.3309E-03 -2.4614E-02  9.2550E-03  1.4559E-02
  1.5000E-01  2.0000E+01  2.8955E-01 -8.8965E-02 -4.2181E-03 -1.7556E-02  8.8968E-03  4.0682E-02
  2.0000E-01  2.0000E+01  3.1916E-01 -9.3159E-02 -4.4347E-03 -1.1129E-02  6.7325E-03  5.5696E-02
  2.5000E-01  2.0000E+01  3.2271E-01 -8.8690E-02 -3.5509E-03 -6.5213E-03  4.3984E-03  5.6473E-02
  3.0000E-01  2.0000E+01  3.0699E-01 -7.8603E-02 -2.4433E-03 -3.5821E-03  2.5629E-03  4.7733E-02
  3.5000E-01  2.0000E+01  2.7794E-01 -6.5682E-02 -1.4994E-03 -1.8494E-03  1.3484E-03  3.5456E-02
  4.0000E-01  2.0000E+01  2.4070E-01 -5.2092E-02 -8.3050E-04 -8.9429E-04  6.4193E-04  2.3837E-02
  4.5000E-01  2.0000E+01  1.9956E-01 -3.9304E-02 -4.1527E-04 -4.0171E-04  2.7517E-04  1.4793E-02
  5.0000E-01  2.0000E+01  1.5812E-01 -2.8187E-02 -1.8622E-04 -1.6568E-04  1.0488E-04  8.6032E-03
  5.5000E-01  2.0000E+01  1.1920E-01 -1.9134E-02 -7.3946E-05 -6.1843E-05  3.4698E-05  4.7436E-03
  6.0000E-01  2.0000E+01  8.4878E-02 -1.2198E-02 -2.5525E-05 -2.0575E-05  9.4778E-06  2.4942E-03
  6.5000E-01  2.0000E+01  5.6431E-02 -7.2114E-03 -7.4669E-06 -6.0379E-06  1.8626E-06  1.2450E-03
  7.0000E-01  2.0000E+01  3.4422E-02 -3.8753E-03 -1.7881E-06 -1.5762E-06  9.7735E-08  5.7827E-04
  7.5000E-01  2.0000E+01  1.8732E-02 -1.8332E-03 -3.3155E-07 -3.8306E-07 -1.1573E-07  2.4013E-04
  8.0000E-01  2.0000E+01  8.6701E-03 -7.2273E-04 -4.0029E-08 -9.0429E-08 -6.1420E-08  8.3321E-05
  8.5000E-01  2.0000E+01  3.1189E-03 -2.1414E-04  6.4850E-10 -1.8331E-08 -1.7292E-08  2.1429E-05
  9.0000E-01  2.0000E+01  7.1129E-04 -3.7794E-05  1.6275E-09 -1.8722E-09 -3.1838E-09  3.1616E-06
  9.5000E-01  2.0000E+01  5.5601E-05 -1.9992E-06  4.0864E-10  3.1518E-10 -1.1325E-09  1.1882E-07
